   2.0000000e+00  -4.4100331e-01   1.1691583e-01  -5.4028542e-02  -4.2979767e-01  -1.2996703e+00  -2.1511205e-01
   2.0000000e+00   1.3927778e-01  -1.1179800e+00  -2.9830284e-01  -4.1133641e-01   9.0799756e-01  -9.4348395e-01
   2.0000000e+00   6.9948513e-01  -4.8432446e-01  -3.0518440e-01  -1.7594519e-01   4.3353109e-01  -7.4386909e-01
   2.0000000e+00  -9.3997884e-01   3.6617171e-01  -3.6097536e-01  -3.3469008e-01   9.9292578e-01   1.5422130e+00
   2.0000000e+00   9.1554687e-01  -1.3091693e-01   1.0242201e+00   1.7534822e-01   5.6888643e-01  -1.7270491e+00
   2.0000000e+00   1.3589664e+00   6.7702997e-01  -1.7348004e-01  -2.0730174e-02   5.8742626e-02  -1.3865773e-01
   2.0000000e+00  -7.2399607e-01   6.1194300e-01  -1.0148181e-01  -1.8910815e-01   4.3373268e-01   1.4369682e+00
   2.0000000e+00   3.3669894e-01  -1.4916886e+00   8.8291079e-01   7.9465025e-02   2.7375129e-02  -8.7172286e-01
   2.0000000e+00   5.6451985e-01   5.5236907e-01  -2.8816144e-01   1.7882079e+00  -1.7490900e-01  -1.6782982e+00
   1.0000000e+00   4.7541355e-01   1.7598324e-01  -3.0195889e-02   2.0560913e+00   2.1887144e-01   1.7601092e-01
   2.0000000e+00   8.1939398e-01  -1.3815437e+00   9.6911231e-01   2.6517142e+00  -7.1640843e-01   1.7655715e+00
   2.0000000e+00   1.8593936e+00  -4.5660305e-01   6.6717231e-01   9.6670841e-01  -9.3616787e-01   2.9928225e-01
   2.0000000e+00   2.1704390e-01   6.6904177e-01   6.1850259e-01   1.0167860e+00  -1.7322798e+00   1.5468276e+00
   2.0000000e+00  -3.0444672e-02  -4.1054839e-01  -1.3100577e+00   6.8814165e-01   6.4579762e-01  -2.7768968e-01
   2.0000000e+00  -1.7419981e-01   2.1448193e-01   7.8966933e-01  -1.8066638e+00   9.6574159e-02  -5.7744535e-01
   2.0000000e+00  -2.3940841e+00   4.2290109e-01   4.5925708e-01  -7.0498266e-01  -4.4626874e-01  -5.9988736e-01
   2.0000000e+00  -3.0760569e-01   5.2755472e-01  -1.1529177e+00   7.7246490e-01   1.6591013e-01  -6.7029945e-01
   2.0000000e+00  -4.7362698e-01  -4.3730131e-02   6.7036790e-01   1.6660573e-01   2.2230336e+00   9.4414648e-01
   2.0000000e+00  -1.2387624e+00   5.2799082e-01  -1.4186759e+00   5.5856076e-01  -1.3771452e+00  -5.7100159e-01
   2.0000000e+00  -1.5531916e+00  -6.2949748e-01  -1.0249843e+00   2.5223917e-01  -1.1905276e+00  -1.9956163e-01
   2.0000000e+00   1.9267859e-01   8.0760395e-01  -2.4329768e+00   9.6751661e-01   6.2547486e-03  -6.2176584e-01
   2.0000000e+00  -1.2597405e+00   4.0421681e-01  -1.2993792e+00   1.7794587e+00  -5.1797052e-02  -9.6690643e-01
   1.0000000e+00  -2.7820950e-01  -5.0329335e-01   6.9079316e-01   3.5901348e-02   5.1710176e-01   9.1410930e-01
   2.0000000e+00   1.5386046e+00  -1.0247396e+00  -4.1963414e-01   6.5118904e-01  -2.2664977e+00  -2.1838052e-01
   2.0000000e+00   4.6568546e-02   8.2050481e-01  -1.7864026e-01  -3.2751490e-01  -6.3424823e-01   1.2369993e+00
   2.0000000e+00   2.4707873e+00  -3.2421336e-01  -8.0086561e-02  -7.9598321e-01  -1.1311100e+00   1.2395447e+00
   2.0000000e+00   3.8970367e-01   1.1327574e+00  -7.4592794e-01  -6.9669753e-01  -2.8171820e-01  -8.4476732e-02
   2.0000000e+00   8.6104449e-02  -1.0902737e+00   6.7444509e-01  -3.9278269e-02  -1.5629788e+00   1.2833127e+00
   2.0000000e+00   5.4074746e-01   2.4977299e-01   1.0752801e+00  -3.5916276e-01  -9.6368558e-01  -1.6233857e+00
   2.0000000e+00   1.1798822e+00  -6.8809139e-02  -8.5153805e-01   6.0439366e-02   2.9300376e-01  -1.6979421e-01
   1.0000000e+00  -3.4350599e-02   8.9751169e-01  -1.2405456e+00   5.6013463e-01   7.3466019e-01   8.0914397e-02
   2.0000000e+00   1.2417851e-01   2.2098237e-01   1.7822597e-01   1.7765784e+00   4.3577622e-01  -5.9930228e-01
   2.0000000e+00  -6.7031997e-02  -1.9395585e+00  -2.1666426e+00   1.8187544e+00  -6.0005748e-01  -1.1043575e-01
   2.0000000e+00  -9.1995803e-01  -6.3132520e-01  -1.7599125e-01   1.3792384e+00   1.0564341e+00   9.8364791e-01
   2.0000000e+00  -6.8084731e-01   1.2504564e-01  -5.8927391e-01  -5.8954841e-01   6.9947213e-01  -8.9799138e-01
   2.0000000e+00   4.1401454e-01  -2.2011789e-01  -2.1535728e+00   1.6901625e+00  -5.6208491e-01   1.3148688e+00
   2.0000000e+00  -1.6011496e+00  -7.3795250e-01  -1.8356094e+00   2.1495984e+00  -6.8006078e-01   1.2460855e-01
   1.0000000e+00  -4.9588008e-01   2.4448477e-01   1.3759859e+00  -7.8313446e-01   4.7021955e-01   6.9734111e-01
   2.0000000e+00   1.4098264e+00  -2.1645869e-01  -6.6811591e-02   2.6663472e-01   3.5662723e-01   2.1108135e+00
   1.0000000e+00   4.9567728e-01  -9.3507017e-01  -6.3701090e-01   5.4485679e-01   8.0262011e-01   1.3243186e-01
   1.0000000e+00   6.6108554e-01  -8.7280812e-01  -1.0629364e+00   5.0898828e-01   1.2271548e+00   5.4144779e-01
   2.0000000e+00  -9.1954720e-01  -1.5374732e+00   4.9736949e-02   5.7853979e-02   4.1648233e-01  -1.8491352e+00
   2.0000000e+00  -2.6705191e-01  -5.5446850e-01  -3.1430923e-01   1.0785582e+00   7.7009559e-01  -4.8919051e-01
   2.0000000e+00   5.4357219e-01  -6.9263911e-01   7.3070119e-01   9.0905097e-01  -3.4389063e-01  -6.7064765e-01
   2.0000000e+00   9.6066458e-01   1.5937778e-01   7.2385883e-01   5.2815040e-01  -1.1968956e+00  -3.6689525e-01
   2.0000000e+00  -1.0790556e+00   1.6095293e+00   3.5283661e-01   5.1261932e-01  -7.4049769e-01   4.3370209e-01
   2.0000000e+00   3.1570821e-01   4.7898780e-01   3.3504243e-01   5.0161113e-01  -5.1332547e-01  -1.1055056e+00
   2.0000000e+00  -2.1717796e-01  -2.0872274e+00  -5.0245110e-01   1.5456825e-01   1.8457384e+00   1.5371028e+00
   2.0000000e+00  -1.3414782e-01   7.6783171e-01  -2.4068002e-01  -6.3428476e-01  -4.0887868e-01  -2.5076066e-01
   2.0000000e+00  -2.2374093e-01   1.0314813e+00   2.2856726e-01   3.7709733e-01  -3.8276652e-01  -7.7446550e-01
   2.0000000e+00   2.8786818e-01   1.1650858e+00   7.7443474e-02   3.8384499e-01   1.2347671e-01  -4.6406916e-01
   2.0000000e+00   8.6785292e-01   1.9416780e-01  -1.0536608e+00   1.6523901e+00  -1.2108746e+00   2.2391413e+00
   2.0000000e+00  -4.5048234e-01  -2.4789602e-02  -5.3393140e-01  -1.5388734e-01  -7.9565218e-02  -6.2740591e-01
   1.0000000e+00  -7.9775861e-02   6.7421040e-01   7.0077720e-01  -2.5639181e-01   6.2452664e-01   7.6154739e-01
   1.0000000e+00   2.6168074e-01  -2.1829308e-01  -1.3561478e+00  -4.1243357e-01  -2.1271654e+00   5.3861453e-01
   2.0000000e+00  -9.2399504e-01   1.0574667e+00  -9.0761913e-01   1.2658977e+00   2.1879141e+00  -4.2180236e-02
   1.0000000e+00  -9.4161909e-01  -5.5050798e-01  -4.8291288e-01   1.2828629e+00  -3.7995356e-01   1.5929819e-01
   2.0000000e+00   6.4463121e-01  -6.6172724e-01  -1.8898159e+00   1.8406547e+00  -1.7704162e+00  -5.3327143e-02
   2.0000000e+00   1.3896771e+00  -1.3135565e-01  -1.9242077e-01   8.3367438e-01   4.2759218e-01   1.0147452e+00
   2.0000000e+00   6.5338962e-01  -6.8956571e-01   1.8949336e-01  -4.8380503e-01   2.0463147e+00   1.7209731e+00
   2.0000000e+00  -1.4550280e+00   1.8250760e+00  -9.2790578e-02  -1.8403994e+00  -3.4244225e-01  -4.5256474e-01
   1.0000000e+00  -5.1224745e-01   3.5965157e-01  -9.2091227e-01   1.6944602e+00  -1.8204781e+00   4.2661722e-02
   2.0000000e+00  -7.7090467e-01   5.0924488e-01   7.7337757e-01  -3.7696463e-01  -6.1119506e-01   1.1884829e+00
   1.0000000e+00  -9.8577547e-03  -6.9606791e-01   1.0112052e+00  -1.7340855e-01   7.1800950e-01   2.6302026e-01
   2.0000000e+00   2.7216262e-01   5.5322555e-01   3.5234626e-01  -1.5108546e-01  -1.1265593e+00   2.4096274e+00
   2.0000000e+00   1.8412500e+00   1.6056813e+00   2.5090114e-01  -1.4974360e+00   1.2837279e+00  -1.4468147e+00
   2.0000000e+00  -2.4111942e-01   1.0156944e+00   1.1030494e+00   4.0582379e-01   8.7550407e-01  -2.1825260e+00
   2.0000000e+00   1.1524350e+00  -7.4060135e-01  -8.3101203e-01   5.9775633e-01   1.2283566e+00   2.7022523e-01
   2.0000000e+00  -8.2406933e-01  -4.2768011e-01  -2.1984528e+00  -1.2062602e+00  -1.0341973e+00   6.4894284e-01
   1.0000000e+00  -6.0487969e-01  -5.6012527e-01  -1.2513748e+00  -1.3755466e+00   8.8586556e-01   4.5828330e-03
   2.0000000e+00  -1.0303102e-01   2.2480271e+00  -6.6923623e-01  -8.2100584e-01   1.6804044e+00  -5.2372845e-01
   1.0000000e+00   5.0183682e-01   1.7429892e+00  -1.7264813e-01  -5.7421903e-01   1.4003228e+00   4.1420533e-01
   2.0000000e+00   7.2447147e-01   5.4686914e-01  -3.4805657e-01   7.7192920e-01   5.9635775e-01  -3.2933030e-01
   2.0000000e+00   8.8904191e-01  -1.2041932e+00   5.9646848e-01   9.3873537e-02   1.3337112e-02  -5.1406878e-02
   2.0000000e+00  -2.2181063e-01   1.2257319e+00   4.3065791e-01  -9.1360338e-01   1.4996996e+00   1.7166297e+00
   2.0000000e+00  -4.3138285e-01   6.7757022e-01  -9.9084148e-01  -2.4529824e+00  -4.4013322e-01  -9.6659496e-01
   2.0000000e+00  -1.4796873e+00  -3.5302077e-01   1.3334222e+00  -3.1820819e-01   1.1125370e+00   5.2563514e-01
   2.0000000e+00  -6.8077336e-01   1.5184129e+00  -2.7347260e-01  -7.3512190e-01  -3.5833657e-01   8.6088144e-01
   2.0000000e+00  -4.7738601e-01  -1.5604707e+00  -8.3631169e-02  -5.0346925e-01  -1.4550323e+00   1.8398731e+00
   2.0000000e+00   1.3595285e+00  -4.4828299e-01   6.0670465e-01   1.9617357e-01  -5.3776826e-01  -1.2876733e+00
   2.0000000e+00   1.1609699e+00   9.7274825e-01   3.4922890e-01  -2.1383073e+00   5.1905912e-01  -5.7621558e-01
   2.0000000e+00  -1.0162319e+00   1.0993446e+00   1.9497898e-01   5.4189781e-01  -1.9805553e+00  -1.0779786e+00
   1.0000000e+00   4.8198804e-03  -1.3916737e+00  -1.2659429e+00  -1.7561873e+00   2.3142818e-01   2.9080054e-01
   2.0000000e+00   6.3796563e-01   1.7394184e+00   5.2388331e-01  -2.3408932e+00   9.9462489e-01   2.3353181e+00
   2.0000000e+00  -2.3093772e-01   3.4065386e-01   5.4568959e-01  -7.6743750e-01   4.5060201e-01   1.3329558e+00
   2.0000000e+00   9.5853694e-01   6.6488306e-01  -1.1007789e+00  -1.2259709e-01   1.4429604e+00  -4.8443339e-01
   2.0000000e+00   1.1571385e+00  -9.1314772e-01   1.0230770e-01   9.5956015e-01  -1.0839852e-01   5.7104496e-02
   1.0000000e+00   7.7446671e-02   8.2900600e-01  -4.1524014e-02  -4.3548462e-02  -7.9990350e-01   6.7241909e-01
   2.0000000e+00   1.6661205e+00  -7.8989693e-01  -8.0575147e-01  -1.6604310e-01  -2.4893848e+00  -3.6838350e-01
   1.0000000e+00  -5.4913204e-01   1.1237431e+00   1.1243950e-01  -3.2318885e-02   3.6759893e-01   7.5529693e-01
   2.0000000e+00  -1.7146378e-01  -9.6108308e-01   4.6079672e-01   1.2674126e+00   9.0301319e-02  -6.1407729e-01
   2.0000000e+00   6.4087500e-01  -8.1239703e-02  -1.9286571e-01   2.4719277e+00  -2.6265165e+00   1.9912999e+00
   2.0000000e+00  -9.9882540e-01   7.2597230e-01  -2.7553283e-01  -7.5865330e-01   2.1103600e+00  -2.6883648e-01
   1.0000000e+00  -6.1436522e-01   9.6291890e-01   6.4723411e-01   6.5393140e-01  -5.7262932e-02   5.6247669e-01
   2.0000000e+00   2.3541054e-01  -7.8425724e-01  -1.8963384e+00  -6.4611648e-01  -7.9861737e-01   1.0627569e+00
   2.0000000e+00   2.7979425e-02   1.0962305e+00   1.6352962e+00  -7.2405171e-01  -8.9853132e-01  -2.7322670e+00
   1.0000000e+00   2.4236992e-01   1.4478766e-01  -6.3821176e-01  -4.2974354e-01  -2.5630687e-01   2.3856178e-01
   2.0000000e+00  -1.1054630e+00  -3.8358667e-02  -1.6808232e+00   1.0080802e+00   7.8447548e-01  -5.2033418e-01
   2.0000000e+00  -1.3126406e+00  -4.8816340e-01  -7.7547276e-01  -1.1966085e+00  -2.3076275e+00   1.8819252e-01
   2.0000000e+00  -9.8293649e-01  -2.1288507e-01   1.2229680e+00  -1.0053568e+00   1.0254706e+00  -1.3413883e+00
   2.0000000e+00  -4.0204041e-02   7.1432623e-01   6.2819971e-02   1.1880572e+00   2.4574547e+00  -2.1241967e+00
   2.0000000e+00   4.1777123e-01   4.0104853e-02  -3.1596182e-01   8.3973764e-01  -1.2553625e-01  -7.8106166e-01
   2.0000000e+00  -2.6645844e-02  -8.4396381e-01   7.1590550e-01  -1.5454798e+00   1.8133940e+00   1.1896850e+00
   1.0000000e+00  -5.7305714e-01  -1.0930599e+00   1.0094409e+00  -3.2555481e-01   6.8263390e-01   2.2409288e-01
   2.0000000e+00  -4.0949483e-01  -1.6587514e+00   1.0949271e-01   1.0677183e-01  -4.2141173e-03  -1.3828344e+00
   1.0000000e+00  -8.1892799e-01  -4.0871903e-02   6.4543613e-01  -7.7388780e-01  -3.0031140e-01   2.2569416e-01
   2.0000000e+00   2.9739489e-01  -1.6088480e+00  -1.0802760e+00  -2.0547235e-01  -2.6043988e-01  -2.5667792e-01
   1.0000000e+00   3.9842238e-01   3.1794361e-01   6.9490213e-01  -1.9499990e+00  -1.9781333e-02   4.7360481e-01
   2.0000000e+00   1.2232027e+00   3.6669071e-01  -2.4303664e-01  -1.1621983e+00   1.0993175e+00   1.4499330e+00
   2.0000000e+00   2.0514481e-01   9.9218081e-01  -3.7566782e-01  -3.1741994e-01   3.4644584e-01  -7.0750692e-01
   1.0000000e+00  -1.8901130e-01   1.4430959e+00   4.1417707e-01  -2.6513155e-01   6.1875110e-01   5.6124752e-01
   1.0000000e+00   1.0564431e-02  -1.4303544e+00  -1.6373220e-01   2.5427915e-03   6.4559593e-03   1.4926946e-01
   2.0000000e+00  -1.1301881e+00  -7.6822173e-01   2.8600383e-01   1.4454934e+00   2.8876364e-01  -3.6298655e-01
   2.0000000e+00   4.3718987e-01  -2.7549876e-01   4.7861086e-01  -1.0107820e+00   1.0392653e-02   1.2307841e+00
   1.0000000e+00  -5.0239222e-01  -1.0800014e-01   2.8110418e-01  -7.0304202e-01  -1.0230634e+00   7.3328941e-01
   2.0000000e+00   1.1261753e+00   3.8973537e-01   5.6590279e-01   3.1072791e-02   1.4972789e+00  -7.4587903e-01
   2.0000000e+00  -9.0480661e-01  -6.8410370e-01  -1.5526781e+00  -1.2657099e+00  -1.7398688e-01   1.0377614e+00
   2.0000000e+00  -8.1673499e-02   3.5415867e-01  -8.3091135e-01   8.2056156e-02  -1.1480251e+00  -3.6973886e+00
   2.0000000e+00  -1.4948554e-01   5.1724629e-01   7.3894453e-01   6.1527012e-01  -6.1076846e-01  -1.3116937e+00
   2.0000000e+00   6.2755792e-01   6.0909658e-01  -1.2768320e+00  -3.7894559e-01   5.5361306e-01  -9.5105331e-01
   2.0000000e+00   9.4153782e-01   3.5278188e-01   5.5448549e-01   8.3795771e-03   8.3552068e-01  -1.0067778e-03
   2.0000000e+00  -4.2820457e-01   4.7723482e-01  -7.5638478e-01   3.2106547e-01   2.2544925e-01   1.0068829e+00
   2.0000000e+00   1.6361490e-01  -1.8541921e+00   1.8119499e+00  -2.1121589e+00  -7.2474726e-02  -1.5302204e+00
   2.0000000e+00   8.9094342e-01   7.2052407e-01  -6.7644275e-01  -6.2456110e-01   1.2590210e+00  -6.7001102e-01
   2.0000000e+00  -6.8402881e-01  -9.3628274e-01   1.7599359e+00  -6.2012107e-02   1.3604204e+00   1.2424490e+00
   2.0000000e+00   3.5601916e-01  -1.7670989e-01  -1.1696240e+00   8.0463230e-01   7.3692145e-01  -9.4113056e-02
   2.0000000e+00   9.3507927e-02   2.8116209e-01  -8.1901585e-01  -2.3856124e+00  -5.0265780e-01  -1.0828050e+00
   2.0000000e+00  -7.2631200e-02   2.5315766e+00   5.1072292e-01   5.2435472e-01  -1.3228970e+00  -1.2623504e-01
   2.0000000e+00   3.8947997e-01  -1.3565825e+00   6.4722473e-01   3.5029194e-01  -4.1067218e-01  -7.9955256e-01
   2.0000000e+00   1.9257632e-01   2.6067647e-01   2.6053562e-01  -5.6944519e-01  -4.4204776e-01   2.2712025e+00
   2.0000000e+00  -8.0419616e-01   2.2872357e+00   1.8193262e+00  -8.8536104e-01   5.4750433e-01   6.3521977e-01
   2.0000000e+00  -1.8627900e+00  -1.0939415e+00  -2.4222890e-01   1.6189855e+00   1.4048561e-01  -2.1402066e+00
   2.0000000e+00  -1.4931548e+00   1.5566630e+00  -2.4378917e+00   3.8543744e-01  -4.1283927e-01  -4.3514682e-01
   2.0000000e+00   1.3017074e+00  -6.8269911e-01   6.9721594e-01   5.4103075e-01   1.7678689e-01  -7.7076080e-01
   1.0000000e+00  -3.4072062e-01   1.3219430e+00  -4.6385093e-01   5.3276878e-01  -9.1557506e-01   3.2480002e-01
   2.0000000e+00  -4.0675641e-01   2.8791631e+00  -5.2770728e-01   1.7168939e+00   2.8241654e-01   1.8353722e+00
   2.0000000e+00  -6.9241707e-01   3.3376887e-01   9.2636112e-01  -9.3786423e-01  -1.8425700e-01   9.0564614e-01
   1.0000000e+00  -6.3773958e-01  -4.0671583e-01  -1.2887440e+00  -2.2693287e+00   9.6785864e-01   6.7518560e-01
   2.0000000e+00   7.8315679e-01  -5.6727432e-01   8.1673792e-01  -6.1305598e-01   1.0052313e+00  -1.2136465e+00
   2.0000000e+00  -3.9850501e-01  -1.2663292e+00  -1.6471362e+00  -2.7939448e-01   5.8775424e-01  -3.0814216e-01
   2.0000000e+00   1.6479853e-01  -5.5824372e-01  -1.5424281e-01   9.9259418e-01  -1.3590931e+00  -7.2252345e-01
   2.0000000e+00   7.6039182e-02   3.0107717e-01  -4.1325455e-01   5.7796180e-01   1.3049476e+00  -9.8042249e-02
   2.0000000e+00   1.0210755e+00   1.3397675e-01  -2.8749765e-01  -7.6028944e-01   8.4838966e-01   7.8929021e-03
   2.0000000e+00   9.5713737e-01   2.3247809e+00   1.0558638e+00  -8.9580380e-01  -7.3206244e-02   7.8466766e-01
   2.0000000e+00  -2.7634825e-01   7.8021215e-02  -4.2344235e-01   2.7647710e-01  -6.4490301e-01  -8.2525383e-01
   2.0000000e+00  -5.1771432e-02   2.4475752e-01   9.4255392e-01  -2.7458490e-01   1.1241980e+00  -1.0521698e+00
   2.0000000e+00   2.6448015e+00  -2.0854861e+00   7.0892485e-01  -6.8402367e-01  -2.3858115e-01  -3.0745867e-02
   2.0000000e+00  -1.6091121e+00  -1.7646502e+00   1.4842040e-01   3.6032089e-01  -6.5827226e-01   1.2809656e+00
   2.0000000e+00  -7.1235895e-02   1.0740806e+00  -1.6906199e+00   7.3963400e-01   1.2511637e+00  -1.2289863e+00
   2.0000000e+00   1.6507720e-01  -4.5411148e-01  -1.3105608e+00  -5.5432145e-02  -8.6166073e-01  -7.9203144e-01
   1.0000000e+00   5.5625468e-01  -8.6936008e-01   3.0657386e-01  -8.3086279e-02   3.2284362e-01   7.0509825e-01
   2.0000000e+00  -7.9922838e-01   2.3979335e-01   1.1300606e-01   1.0922592e+00  -1.0445177e+00  -7.9409246e-01
   2.0000000e+00   2.4014654e-01  -1.7844200e-02   1.9086031e+00   5.7032192e-01  -1.7813005e-01  -1.4107983e+00
   2.0000000e+00  -1.6702843e+00   7.7966074e-01  -2.9639356e-01  -1.2530313e+00   2.2212633e-01  -3.5468352e-01
   2.0000000e+00   2.2423404e-01   6.8091272e-01  -9.5001630e-01  -1.2562340e+00  -8.2530681e-01  -7.9066469e-01
   2.0000000e+00  -6.2576900e-01  -3.2980032e-01  -7.1637760e-01  -1.0734646e+00   8.1180893e-01  -1.3074463e+00
   2.0000000e+00   1.5542157e+00   2.6233723e-01   4.5469819e-01  -1.5740750e+00   3.0355680e-01  -1.1752477e-01
   2.0000000e+00  -3.6022285e-01  -8.2787049e-01  -5.9602517e-01  -2.7011815e-01   1.1787112e-01   1.1138789e+00
   2.0000000e+00   1.5735496e+00   1.5397240e-01   1.4556146e+00  -3.8121711e-01   5.9385777e-01   1.2978874e+00
   2.0000000e+00   1.2592167e+00  -1.3214036e+00  -3.8455669e-01  -5.8101041e-01   2.0707276e+00  -5.1227842e-01
   2.0000000e+00  -2.0129236e-01  -3.9488215e-01   6.1821263e-01   7.0651183e-02  -9.1125160e-01   1.4758541e+00
   2.0000000e+00   1.2698805e+00  -6.0752722e-01  -2.6224949e-01  -2.0017184e+00  -1.1451030e+00  -1.1939640e+00
   2.0000000e+00   2.9883655e-01  -3.7676686e-01  -2.8087839e-01   8.7690513e-02  -9.3103982e-01  -1.7552839e+00
   2.0000000e+00   1.6034696e+00   1.0373853e-01  -3.4406366e-01   1.1798096e-01   9.7683455e-01  -9.5016093e-01
   2.0000000e+00  -1.9359790e-01  -3.5132620e-02   8.1598633e-01  -8.4606319e-01  -5.2692342e-01  -1.1550094e+00
   2.0000000e+00   7.7622791e-01   2.1567743e+00   3.4863410e-01  -1.0183062e+00  -7.2110096e-01   8.1967930e-01
   2.0000000e+00  -9.7222812e-02  -1.4096067e+00   1.6779476e+00  -4.1178340e-01  -1.6174914e+00  -3.2452890e-02
   2.0000000e+00  -1.4900671e+00   5.4722789e-01  -1.1608748e+00   1.7064029e-01  -3.5569134e-01   4.9077925e-01
   2.0000000e+00   9.2060646e-01  -2.1270697e+00  -2.8010596e+00   6.2026375e-01  -1.4142491e+00   1.0976522e+00
   2.0000000e+00   4.4369131e-01   1.8152294e-02  -7.1028063e-01  -1.2582951e+00   1.8122950e+00  -8.0166796e-01
   2.0000000e+00   2.1399218e+00  -1.3784770e+00  -8.8048109e-01   7.5094177e-02  -8.3673106e-02  -8.6099184e-01
   2.0000000e+00   1.0258971e+00  -1.2787436e-01   5.3530267e-02  -1.2720694e+00   1.0582317e+00   3.4501508e-01
   1.0000000e+00   3.9158896e-01   9.9799820e-01  -1.0953252e+00  -1.8354537e+00   1.2375886e+00   8.7118136e-01
   2.0000000e+00   1.6244372e+00   2.2499736e+00  -2.4920081e-01  -4.2717208e-01   1.2076728e+00   8.8467216e-01
   2.0000000e+00   4.3422458e-01   9.0846355e-01  -1.5916132e+00  -1.1557425e+00  -3.3753209e-01  -7.2785046e-01
   2.0000000e+00  -4.7924364e-01  -9.8705661e-01   3.3416518e-01   9.2177413e-01   4.7010218e-01  -9.6809299e-01
   2.0000000e+00   7.4803924e-01  -2.0084158e-01   4.6973465e-01   1.4576343e+00  -1.3595183e+00  -9.0522515e-01
   2.0000000e+00   9.2781085e-01   7.8224765e-01  -1.3159926e+00  -8.9635008e-01   5.1229329e-02   4.2721656e-01
   2.0000000e+00  -1.5212714e+00  -1.2403996e+00  -2.1539770e-01  -5.6719912e-01  -4.8691078e-01   2.7518473e-02
   2.0000000e+00  -3.1918273e-01   1.5639433e-04  -9.7725839e-01  -8.4902626e-01   4.3048914e-01  -3.5560664e-01
   2.0000000e+00  -1.3918259e+00  -8.6931299e-01  -2.3065219e+00   7.5634593e-01   8.6335112e-01  -3.9446722e-01
   2.0000000e+00  -1.0332821e+00  -4.7877869e-01   7.8225289e-01  -1.1970878e+00   5.6359483e-01   2.6662509e-01
   1.0000000e+00   5.7737278e-01   4.5474561e-01   6.4607696e-02  -2.4704741e-01   3.5735842e-01   1.0770024e-01
   1.0000000e+00   1.3132357e-01   1.5893885e+00  -7.7182272e-01  -5.3439581e-01  -1.2357553e-01   2.9546658e-02
   1.0000000e+00   8.4298608e-01  -4.3459430e-02   1.0294319e+00  -7.6253910e-01   9.9738286e-01   3.4462038e-01
   2.0000000e+00   1.4164505e+00  -3.0408131e-01   8.3908853e-01  -1.0006028e+00  -1.3080006e+00   6.0978507e-01
   2.0000000e+00   1.3708770e+00  -3.4663629e-01   6.2232902e-02  -6.4703087e-01  -1.4847759e+00  -1.6394756e-01
   2.0000000e+00  -1.1074614e+00  -7.6564836e-02   5.9381354e-01   8.6566954e-02   4.8036843e-01  -2.1112388e-01
   1.0000000e+00  -3.6769450e-01  -6.8892147e-01  -4.3205037e-01  -1.9360338e+00   1.6680831e+00   2.2719428e-01
   1.0000000e+00  -2.1515498e-01  -2.3745272e-01  -8.3593326e-01   3.2606411e-01  -4.8136242e-01   7.7016517e-01
   2.0000000e+00  -6.9467432e-01  -3.2343542e-01   8.6474105e-02  -1.3234573e+00   1.2292636e-01  -8.3295840e-01
   2.0000000e+00  -1.4121106e+00   3.3581448e-01  -1.0279063e+00  -4.6240082e-02  -1.2879141e+00   3.4287118e-01
   2.0000000e+00   7.1185193e-01   5.5441697e-01  -1.2556574e+00   7.2683585e-01  -7.4318021e-01  -1.0218939e+00
   2.0000000e+00  -9.9639561e-01  -7.0974443e-01  -1.7006987e+00   3.0660522e-01   9.5886510e-02   3.1471241e-01
   2.0000000e+00   8.2682103e-01   7.5208412e-01   5.4015213e-01   6.2953010e-01  -2.0167022e-01  -3.9901785e-01
   2.0000000e+00  -1.2068597e+00   7.6770756e-01  -1.1568511e+00   1.4521934e-01   1.8443035e+00   8.5993964e-01
   1.0000000e+00  -3.0479643e-01  -9.6642979e-01   3.5606461e-02  -1.6928932e-03  -1.7510704e-01   6.3197302e-02
   2.0000000e+00   2.6330740e-01   1.9554988e+00  -9.8680066e-01   4.9405231e-01   2.1886885e-01  -1.2791519e-02
   2.0000000e+00   6.8966027e-01   2.8529339e+00   9.6223675e-01   3.3269698e-01  -5.7070050e-01   8.1086634e-01
   2.0000000e+00  -3.4707652e-02   1.1140262e+00   1.2926559e+00  -2.7044122e-01  -2.8552568e-01  -1.0788619e+00
   2.0000000e+00   9.5125674e-01   1.4233570e+00   6.1361135e-01  -8.7884360e-01   4.9505605e-01  -6.2177059e-01
   2.0000000e+00  -7.4379824e-01  -1.6482248e+00  -7.9328301e-01   8.7176686e-02   5.7715403e-01  -8.7342490e-03
   2.0000000e+00  -9.6300541e-01   7.3798692e-01  -6.8783344e-01   1.2252150e+00   3.0568952e-01  -2.4426543e-01
   2.0000000e+00  -1.3900550e+00   2.2840747e-01  -1.7834087e+00   4.5593160e-01   3.3027845e-01  -1.1918201e+00
   1.0000000e+00  -8.4050800e-01  -1.2710031e+00  -6.2083003e-01   4.0344402e-01   1.4255857e+00   3.4109276e-01
   2.0000000e+00  -6.8543222e-01   9.6388078e-01  -6.1858340e-01   2.1289217e-01   6.2008910e-01  -1.5431695e-01
   2.0000000e+00  -1.5565141e-01   1.1481746e+00   1.6615417e+00  -7.9021516e-01   1.5880776e+00   1.5313639e+00
   1.0000000e+00  -8.9707960e-01  -5.1480675e-01   1.6802015e+00  -3.5368762e-01   9.0839410e-02   2.0481417e-01
   2.0000000e+00   4.4563180e-02  -4.6868088e-01   1.0099982e+00  -1.0507082e+00  -3.0601563e-01  -1.6334636e-01
   2.0000000e+00   1.0987950e+00  -2.0049247e-02   4.5556561e-01   5.0236292e-01   1.1055529e+00  -2.5970346e-01
   2.0000000e+00  -4.8444813e-02  -1.7243978e+00   3.6294193e-01  -3.5266706e+00  -1.0528252e+00  -9.1241345e-01
   2.0000000e+00   2.1233836e-01  -1.3636001e-01  -2.3579194e-01   5.3645929e-01  -8.7433820e-01   1.0236155e+00
   2.0000000e+00   8.7150349e-01  -5.8263952e-01  -5.7136091e-01   3.1143492e-01  -5.2127848e-01  -1.4753031e+00
   2.0000000e+00   1.2622070e-01   1.5834439e+00  -7.3228390e-01   5.3574301e-01  -7.7574761e-01  -5.1601254e-02
   2.0000000e+00  -5.2520064e-01  -1.2634968e+00  -3.3170516e-01  -9.7632770e-01  -3.6453658e-01  -4.9570052e-01
   2.0000000e+00  -1.5582340e+00   9.7043955e-01   9.0975228e-01   1.1351908e-01  -9.1892881e-01   3.7241977e-01
   2.0000000e+00   6.7611532e-01   1.5119988e+00  -1.3258028e+00  -1.3738468e-01   5.8826312e-02  -1.1269597e+00
   2.0000000e+00  -1.0167360e+00   4.6148388e-01  -1.4378336e+00   1.0341122e-01   3.5013453e-01  -7.3606927e-01
   1.0000000e+00   4.4750278e-01   1.1001337e+00   6.9237421e-01  -6.0038053e-01  -1.2409960e+00   4.6724941e-01
   2.0000000e+00  -2.0192106e+00   1.1017225e+00   7.4874259e-01  -6.8540398e-01  -2.0874948e-01  -3.4012431e+00
   2.0000000e+00  -1.0043128e+00  -3.8329202e-01  -1.2560331e+00   9.1603479e-02  -1.4309564e-01   1.7381198e+00
   2.0000000e+00   3.1190825e-01   8.1994239e-01   1.4245921e-01   1.8259579e+00   1.0592089e-01  -1.0624710e-01
   2.0000000e+00  -3.2287516e-01   6.9144284e-01  -1.3844931e+00   8.0872991e-01  -6.0905465e-01  -4.9856590e-01
   1.0000000e+00  -3.0293015e-01   2.8180646e+00  -1.4992235e+00  -3.1854592e-01  -5.1293419e-01   4.3488449e-02
   1.0000000e+00   4.0653309e-01  -1.6251099e+00   5.3705321e-01   7.3258854e-01  -1.7347829e-01   8.9557793e-01
   2.0000000e+00  -2.1303008e-01  -2.3912175e+00  -1.8006698e+00   2.6306698e+00   5.6740869e-02  -2.1448971e+00
   2.0000000e+00  -2.1221277e-01   2.1058944e+00  -1.1229940e+00  -1.1728020e+00   5.4351083e-02  -8.9129404e-02
   2.0000000e+00   1.5289729e+00  -6.3260515e-01  -1.0739956e-01  -1.2788680e+00  -4.4548769e-01   2.9918178e-01
   2.0000000e+00  -1.1538239e+00  -1.7711794e+00  -6.9753591e-01  -3.8239031e-02   4.4021202e-01   1.4470814e+00
   2.0000000e+00  -1.3661921e+00  -1.0159854e+00   5.7001317e-01  -2.1638389e+00   7.0130557e-01   2.1125177e+00
   2.0000000e+00   1.7291671e-02  -1.6852554e+00   2.5900188e+00   9.3873911e-01  -2.4704381e-02  -5.3264734e-01
   2.0000000e+00   8.8237395e-02  -2.6474044e+00  -2.7168189e-01  -9.0700098e-01  -2.7091139e-01  -2.5242545e+00
   2.0000000e+00  -1.5764014e+00   1.1557061e+00   3.8760111e-01   1.7787592e+00   1.1558825e+00  -4.4491927e-01
   1.0000000e+00   4.7424762e-01   6.4819207e-01   3.6154456e-01  -3.5706406e-01   1.1125878e+00   8.5111092e-01
   2.0000000e+00  -1.2157731e+00   1.6014453e+00   1.3506085e-02   3.8461255e-01   8.1042223e-01   5.2043888e-01
   2.0000000e+00  -1.0231242e-01   3.6369881e-01  -1.5253624e+00   1.5792169e+00   1.6689219e+00  -1.1913852e+00
   2.0000000e+00  -5.1457811e-02  -2.5985993e-01  -6.3656105e-01   4.5476404e-01   3.0702938e-01   1.5586147e+00
   2.0000000e+00   1.7152669e+00   8.5613429e-01   1.7774765e+00  -3.8862116e-01   8.3738993e-01   9.9018472e-01
   2.0000000e+00  -5.2832619e-01   1.5162926e+00  -9.8700581e-01   3.1775497e+00  -6.1055025e-01  -3.9013966e-01
   2.0000000e+00  -1.8034366e+00   5.4556668e-01   1.1658271e+00  -2.3308990e-01  -3.6590853e-01  -1.6805132e-02
   1.0000000e+00  -4.6434811e-01  -4.1037796e-01  -6.6480170e-01  -3.3479665e-01   6.4548634e-01   2.8239702e-01
   2.0000000e+00  -1.5049143e+00  -2.1708613e-01   1.6048498e+00  -4.2317335e-01   1.5783355e+00  -6.5399137e-01
   1.0000000e+00   3.1751590e-02   2.6848942e-01   7.8922781e-02   7.2772747e-01   5.6700931e-01   6.6250756e-01
   1.0000000e+00   2.4358937e-01  -5.5572351e-01   1.1502555e-01  -5.2675764e-01   5.7135196e-01   5.6660800e-01
   2.0000000e+00   6.9822769e-01   3.7471895e-01  -5.5550724e-01   1.0749377e-01   6.5059957e-01  -4.0608081e-01
   2.0000000e+00  -1.8628389e+00   8.2108456e-01   6.7826105e-02   1.2284035e-01  -6.1752137e-01  -1.3469888e+00
   2.0000000e+00   1.5597553e+00  -1.1097358e-01  -5.9296616e-01   4.7914591e-01  -6.5328393e-01  -4.6883130e-01
   2.0000000e+00   3.4531922e-01  -8.0821791e-01  -3.5022603e-01   4.6079640e-01   8.5532225e-01  -2.1116196e-01
   2.0000000e+00  -5.6431474e-01  -1.2515186e-01  -5.5230606e-01   1.4279990e-01   9.3548784e-01  -1.0020465e+00
   2.0000000e+00  -2.1391148e-01  -9.3463437e-01   2.3991669e-01   1.4927195e+00   2.9111321e-01  -1.7587128e-01
   2.0000000e+00  -2.0615307e-02   2.7971854e-02  -3.1509474e-01   4.1055537e-01   1.3731222e+00  -1.4334916e+00
   2.0000000e+00   3.1391509e-02   8.6407115e-01  -7.1223365e-01  -7.2139314e-01  -8.4936627e-02   1.3688366e+00
   2.0000000e+00   7.5621176e-01  -4.6177673e-02   1.2771451e+00  -5.0368689e-01   2.8393751e-01   2.5074707e+00
   2.0000000e+00  -1.2629567e-01   1.7430453e+00  -3.3516282e-01  -3.4809684e-01  -3.0023334e-01  -1.0264195e-01
   2.0000000e+00   2.5986520e+00   8.6228446e-01   1.0001088e+00  -5.1652604e-01   3.4400360e-01   2.0339925e-01
   2.0000000e+00   2.8424511e+00  -6.0719982e-01  -2.2018133e-01  -3.3590200e-02   4.8874131e-01  -5.6249604e-02
   2.0000000e+00  -1.2014302e+00   1.6858162e+00  -1.0501928e+00  -5.8478921e-01  -1.2686681e-01   8.7504008e-01
   1.0000000e+00   5.7140330e-01   6.4136115e-01  -6.7462659e-01  -1.0100452e+00  -3.7210991e-01   7.3839446e-01
   2.0000000e+00   7.3156888e-01  -9.1639594e-01   8.3466482e-01  -4.4221177e-01   7.3792316e-01  -8.0672019e-01
   2.0000000e+00  -1.2300510e+00   2.5982632e+00   8.3829966e-02  -4.5880628e-02   7.3814410e-01  -1.3058227e+00
   1.0000000e+00   6.6571864e-01   8.7481551e-01  -3.7046755e-01   9.2556055e-01  -8.2152331e-01   4.2454597e-01
   2.0000000e+00  -1.2106538e-01   2.5033375e-01   4.3658484e-01  -6.6525444e-01  -7.9730854e-01  -8.1999394e-01
   1.0000000e+00   3.8272756e-01  -6.0630681e-01   7.2303675e-01   2.1043283e+00  -7.9146738e-01   5.7591480e-02
   1.0000000e+00  -2.2737963e-01  -1.9384517e+00  -3.4417541e-01   1.2023077e+00  -7.0315802e-01   7.9537767e-01
   2.0000000e+00   6.7849365e-01  -1.0629546e+00  -4.5063956e-01   6.6736685e-01   4.2838266e-01  -7.9378964e-01
   2.0000000e+00  -4.6348086e-01   5.4487582e-01  -2.3585645e+00   8.9965075e-02   8.6462249e-01   1.2918770e+00
   2.0000000e+00   7.1205258e-03   2.7147274e-01  -2.6520451e+00  -3.3709123e-04   2.4015422e+00  -6.0927807e-02
   2.0000000e+00   1.1604637e+00  -6.6892992e-01   4.1748629e-02   1.3544921e-01   6.9387401e-01  -1.2808234e+00
   2.0000000e+00   1.2410978e+00  -8.4889886e-02   9.4979049e-01  -1.0246455e-02   5.4616047e-01   1.5824803e-01
   1.0000000e+00   3.9042325e-01  -7.8407452e-01   1.4032500e-01  -5.9363305e-01  -3.6941948e-01   3.9116946e-01
   1.0000000e+00  -5.7687828e-01  -3.4509251e-01  -1.3950621e+00   1.0964897e+00  -7.0972586e-01   4.7188215e-01
   1.0000000e+00  -7.4265698e-02  -3.1104046e-02   1.5220984e+00   8.9084298e-01   1.0780158e+00   4.5742410e-01
   2.0000000e+00   7.6006647e-01  -1.2955685e+00   7.8100922e-01  -1.4448326e+00  -4.1532197e-02  -2.4000051e+00
   2.0000000e+00   2.0514493e+00  -2.7485480e-01  -1.0405166e+00   3.0803193e-01  -5.2072137e-01   2.6502816e-01
   1.0000000e+00   5.7643607e-01  -2.3766353e+00  -7.1417662e-01  -8.7641725e-01   5.5528283e-01   1.3117555e-01
   2.0000000e+00  -6.2911357e-01   7.9934626e-01   1.1511225e+00  -7.8993630e-01   1.0042454e+00  -8.2726195e-01
   2.0000000e+00  -3.5222231e-01   5.6784367e-01  -7.8756847e-01  -8.1978524e-01  -1.9519433e-01  -4.1505675e-01
   2.0000000e+00  -8.7076278e-01  -4.4462252e-01  -8.5207212e-01  -3.0206254e-01  -6.0404258e-01   1.3575190e+00
   2.0000000e+00   2.0827127e-01   1.8160320e+00  -1.5196836e+00  -1.3197500e+00  -1.3676888e+00  -9.5904807e-01
   1.0000000e+00  -7.9868224e-01   6.0999168e-01   3.1441330e-01  -2.0898314e+00   2.6250852e+00   2.7373729e-01
   2.0000000e+00  -7.5535558e-01  -7.5565054e-01   2.0492518e+00  -6.7941775e-01   8.2914462e-01  -7.4476793e-01
   2.0000000e+00  -2.2053078e+00  -1.3843025e+00   1.1702556e+00  -8.6263380e-01  -7.2140015e-01  -5.4335485e-01
   2.0000000e+00   4.5063583e-01  -1.0708851e+00   2.5613309e+00  -1.6911445e+00  -2.1353628e-01  -4.0466541e-01
   2.0000000e+00  -7.4586119e-01   1.0027617e+00   8.6249015e-01   3.5430846e-01   8.9549957e-01  -2.5965502e-01
   1.0000000e+00  -6.9411640e-01   9.1743796e-01   4.1307069e-01   4.4625378e-01   9.0280512e-02   5.0605921e-01
   2.0000000e+00  -1.5671519e+00   7.7990804e-01   1.2616641e+00   4.6675138e-01   1.2491126e+00  -1.2727797e+00
   2.0000000e+00  -1.0743799e+00  -3.7960850e-01  -8.6777577e-01  -3.2542090e-01   2.3024210e-01  -4.1689045e-01
   2.0000000e+00   5.9940851e-02  -1.5310552e+00   1.8458823e+00   1.1438431e+00   9.0777114e-01  -3.1496600e-01
   2.0000000e+00   1.1368561e+00  -1.8934974e+00  -1.2342101e+00   1.1869883e+00   2.3504275e+00   1.7125670e+00
   1.0000000e+00  -3.4246275e-01  -5.7163603e-01   8.2492932e-01   4.2689806e-02   1.6275716e-01   2.5450390e-01
   2.0000000e+00   1.4712496e+00  -9.6742779e-01  -9.4258972e-01  -1.0321570e+00  -9.4917338e-01  -1.1157578e+00
   2.0000000e+00  -9.9729772e-01   9.0311242e-01   5.1706863e-02   4.2858571e-01   1.9425127e+00   4.0430339e-01
   2.0000000e+00  -7.0491279e-01  -7.1916074e-01   1.1902511e-01  -1.0274721e-01  -6.0419774e-01  -1.7236057e+00
   1.0000000e+00   4.3478155e-01   1.8439976e+00  -3.0751823e-01   1.2534551e+00   8.6851277e-01   3.2540960e-01
   2.0000000e+00   2.1956613e-01   1.0382207e+00   4.6838847e-01  -8.8911079e-01   5.4218102e-01  -1.7601522e+00
   2.0000000e+00   1.1598348e+00   1.2374101e+00   1.5667655e-01  -6.4148177e-01   7.1306939e-01   7.1968750e-02
   1.0000000e+00  -6.2761765e-01   2.1105746e+00  -3.6002569e-01   7.3551087e-01  -9.0679347e-01   1.6059354e-01
   1.0000000e+00   2.9527528e-01  -1.3372724e-01  -1.5798957e+00  -8.6358918e-01   1.7548965e+00   3.1599874e-02
   2.0000000e+00   2.9802238e-01  -3.1490306e-01  -8.9118432e-01  -4.1499809e-01   6.8526330e-02  -6.4211770e-01
   2.0000000e+00  -1.1072047e+00   1.2112754e+00   5.1709460e-01   5.2397591e-01   1.6098380e+00  -7.2475478e-01
   2.0000000e+00  -1.4833851e+00  -6.6524913e-02  -7.7766081e-02  -2.4933778e-01  -4.4102190e-01   5.3867002e-01
   2.0000000e+00   2.6583520e-01  -8.5218323e-01   1.8145002e+00   5.0581939e-01   1.4087466e+00  -6.9583422e-02
   1.0000000e+00  -2.4718202e-01   9.7590977e-02   4.4595478e-01   5.9422595e-01   7.7829881e-01   4.3167911e-01
   2.0000000e+00   1.2550682e+00   9.4877367e-01   1.4730835e+00  -3.0337020e-01   8.3256344e-01  -8.0970267e-01
   2.0000000e+00  -3.0196755e-01  -2.3788130e+00   1.1944081e+00  -2.7350508e-01   1.2765879e-01   1.5511302e+00
   2.0000000e+00   1.3846775e+00  -4.0199880e-01   1.5491765e+00   4.1592580e-01   1.1890285e+00  -1.7542414e-01
   2.0000000e+00   5.5441033e-02  -3.0565013e+00   4.6640356e-01   8.7403678e-01   6.1721628e-01   1.3212662e+00
   2.0000000e+00  -1.9342876e+00  -9.3491588e-01   4.1156306e-01   6.8064713e-01   6.7619197e-01  -3.5227305e-01
   1.0000000e+00   3.8987249e-01  -1.8913046e+00   6.8814293e-01  -2.0520878e+00  -1.4607640e-01   1.2840043e-01
   2.0000000e+00  -5.6186926e-02   5.8831204e-01   1.3422911e+00   4.1065356e-01  -2.7779940e-01  -1.1010255e+00
   2.0000000e+00   1.6395900e-01   9.3281528e-01   1.5393448e+00   1.5706047e-01  -3.3658067e-01   1.2892949e+00
   2.0000000e+00   1.0587367e+00  -5.2227507e-01  -7.7166030e-03   1.3230081e+00  -4.1597913e-01  -3.7292751e-01
   2.0000000e+00   1.0941822e+00  -6.5092702e-01  -7.5610279e-01  -5.2372963e-01   5.7332632e-01   9.4075627e-01
   2.0000000e+00  -1.2483936e+00   7.3213712e-01   1.0164906e+00   2.1564076e+00  -1.1496188e-01  -2.7553800e-01
   2.0000000e+00  -2.6086219e-01   5.0056164e-01  -3.8233216e+00  -1.5705058e+00  -7.9825207e-01  -9.3831120e-01
   2.0000000e+00  -1.0037535e+00  -6.6580176e-01   1.0551674e+00   9.5710189e-01   8.1907027e-01  -6.0443617e-01
   1.0000000e+00   7.7460379e-01  -1.5258122e+00   8.8840937e-01   2.1872936e-01  -5.0628342e-01   2.3566550e-01
   2.0000000e+00   3.3528064e+00  -6.9627091e-01   7.0810353e-01   8.0287951e-01   5.4252158e-01  -9.5135569e-01
   2.0000000e+00   2.3787805e-01   4.7213414e-01  -6.8513323e-01   1.4301430e+00   5.8987048e-01  -5.1528433e-02
   2.0000000e+00  -7.9778856e-01  -9.1722576e-01  -1.2283181e+00   8.3360576e-01   4.6358979e-01  -5.6949907e-01
   2.0000000e+00  -9.6501994e-01   1.3798736e-01   9.5423626e-01  -1.2958385e+00   1.7767098e+00  -2.3735084e+00
   2.0000000e+00  -1.6719148e-01   1.4736873e-01   4.3321915e-01   2.6849641e-01   4.1515032e-01   1.7051653e+00
   2.0000000e+00   9.1403695e-01  -4.9680502e-01  -7.1791913e-01   2.1602278e-01   5.6683910e-01  -9.7686698e-01
   1.0000000e+00  -6.5515785e-01   3.2080792e-03   1.9068690e+00  -3.6619613e-01   1.0885497e+00   1.6956513e-01
   2.0000000e+00   2.0738347e-01  -8.7157186e-01  -2.3739413e+00  -2.9174642e-01   1.7474689e-01  -3.1049865e-01
   2.0000000e+00   2.3628917e+00   1.9906369e-01  -1.0044799e+00   1.9315040e-01  -2.6615894e-01  -5.4604930e-01
   2.0000000e+00  -1.8762159e-01  -1.8598815e+00   8.6804591e-01   4.3461371e-01   2.0854112e-01   1.3812278e+00
   2.0000000e+00  -1.6881369e+00  -1.0057612e+00  -3.6176302e-01  -5.4712947e-01  -8.9876641e-01  -2.2682440e-01
   2.0000000e+00   1.1193515e+00   1.0438270e-01  -3.6874161e-01   2.5995711e-01  -1.7038266e+00  -1.6300455e-01
   2.0000000e+00   1.2973883e+00   1.0494557e+00  -4.8296674e-01   1.6875568e+00  -1.0650496e-01  -7.1348041e-01
   2.0000000e+00  -5.9346466e-01   2.4028921e-01  -5.0910990e-01   8.9505292e-01   1.3389036e+00  -2.7532680e+00
   2.0000000e+00  -4.9141676e-01   4.8097250e-01   9.7705707e-01  -2.8481096e-02  -6.8283809e-01  -1.4794019e+00
   2.0000000e+00  -1.6997949e+00  -5.5528827e-01  -1.0113133e+00  -2.4387298e-01  -2.4385408e+00   6.1050687e-01
   2.0000000e+00   5.7082133e-02   3.0110898e-02  -1.4485059e-02   4.3219934e-01   1.5664137e+00  -5.7553438e-01
   2.0000000e+00  -1.8557881e+00   9.9693442e-01   1.4701758e+00   1.0403516e+00   1.1524524e+00  -1.4915877e-01
   2.0000000e+00  -2.0122831e-01  -6.7090996e-01   1.1301110e+00  -2.8450872e-01   6.3339588e-01  -3.4496906e-01
   2.0000000e+00   2.1376239e-01   2.4163380e-01  -6.4697076e-01  -1.3755496e+00   9.9081387e-01  -5.4281648e-02
   1.0000000e+00  -8.6931481e-01   9.0888599e-01   1.7435074e+00   1.9245287e-01   3.6932144e-01   4.7405082e-02
   1.0000000e+00  -9.2949508e-01   1.2482816e-01  -4.1776601e-01   5.7439584e-01   1.0122823e+00   2.9225013e-01
   2.0000000e+00   1.3555890e+00  -5.8535099e-01   1.0715704e+00  -2.0081980e+00   4.9019417e-01   2.2458879e+00
   2.0000000e+00  -1.9290497e-01  -1.4093440e-01   6.1791523e-02   1.9894947e-01  -1.3138661e+00  -5.1295511e-01
   2.0000000e+00   1.6594643e+00   6.0794800e-01  -4.9330915e-01  -1.0105335e+00   1.0244263e+00   2.2829745e-01
   1.0000000e+00   6.1573563e-01   1.6855751e-01   4.2313695e-01   2.1374481e+00   2.9294778e-02   6.9400862e-01
   2.0000000e+00  -7.5084811e-01   1.6832461e+00  -2.4441204e-01   7.3807818e-01   8.5361920e-01   7.7024530e-01
   1.0000000e+00   7.0633940e-02  -1.1190572e-01  -4.4075394e-01   2.1963031e+00   3.0793533e-01   9.8462183e-01
   2.0000000e+00  -4.7788022e-01   5.5307655e-01  -2.8518478e-01   8.1697006e-02   1.6610805e+00   9.9790998e-01
   1.0000000e+00  -3.2070022e-01   7.3723106e-01  -1.3436140e+00  -6.3310591e-01  -4.8264146e-01   3.6302472e-01
   2.0000000e+00   6.8934938e-01  -1.2955024e-01   1.2427778e+00   6.0312725e-01   1.1315226e+00  -1.4239106e+00
   2.0000000e+00  -3.4839004e-01  -9.6928082e-02   1.0251180e-01   2.9859011e-01   4.9722398e-01  -7.1939932e-01
   2.0000000e+00  -4.4667918e-01   3.7057563e-01   2.2285048e-01   8.4456410e-01   3.1635309e-01  -4.0160839e-01
   2.0000000e+00   7.6891931e-01   1.9702675e+00   1.5383014e+00   1.2300388e-01  -8.9706342e-01   1.5925445e+00
   2.0000000e+00  -9.2982890e-02  -5.8335023e-01  -4.4343295e-01  -1.5295770e+00   1.3238285e+00   1.2940948e+00
   2.0000000e+00  -1.6062954e+00  -1.1996002e+00   1.1110644e+00  -5.7323125e-01   1.4402167e-01   7.4261624e-01
   2.0000000e+00  -2.3112518e+00   4.3920365e-01   1.1021870e+00  -1.2865971e+00  -3.8912998e-04   2.0229801e+00
   2.0000000e+00  -7.2776927e-01  -7.4334211e-02  -7.1867555e-01  -6.0511983e-01  -1.2051909e-01  -5.4891136e-01
   2.0000000e+00  -2.3125289e-01  -3.0505313e-01  -3.4612797e-01  -7.3413331e-02  -2.8106099e-01  -1.2489457e+00
   1.0000000e+00  -4.6824952e-01   2.8633027e-01   3.0730627e-01   1.4819312e+00  -9.8773774e-01   2.2231760e-01
   2.0000000e+00   3.5542156e-02   8.3956510e-01  -2.5520515e-01  -1.2982674e+00  -2.0653849e+00  -2.0256149e+00
   2.0000000e+00   6.4638063e-01   6.1290780e-01  -4.2275273e-01   1.0232631e+00  -1.2749321e+00  -9.1173022e-01
   2.0000000e+00   1.3207111e-01   3.8310725e-02   1.4259194e+00  -9.5220325e-01   8.0261316e-02  -1.0580350e+00
   2.0000000e+00   1.8855955e+00   1.2707307e+00  -5.7212257e-01  -7.8975573e-01   4.0271582e-01  -6.5644757e-01
   2.0000000e+00  -1.1297132e+00  -7.5177625e-01  -9.1010631e-01  -6.1528142e-01   1.1965568e+00  -8.2003146e-01
   2.0000000e+00   1.9927165e-01   2.0809065e-01   9.3133784e-01  -1.2548278e+00  -1.1837878e-01  -4.3017727e-02
   2.0000000e+00   6.0041153e-01  -3.8197909e-01  -2.3169704e+00   6.1358702e-01  -1.1005444e+00  -6.7107215e-01
   2.0000000e+00  -1.2964201e-01   1.6301189e+00  -2.0537495e+00   1.4383754e+00   3.0807344e-01   1.6714163e-02
   2.0000000e+00  -1.9972404e+00  -6.8392858e-01  -1.6564194e+00  -3.4434960e-01   4.1054497e-01  -9.8227311e-01
   2.0000000e+00   9.8838053e-01  -3.7369041e-01  -1.0766029e+00   4.4589000e-01   2.1614329e-01  -8.0695463e-01
   2.0000000e+00   1.1817428e+00  -1.4182601e+00  -9.5267437e-01  -6.1138017e-01  -5.1818974e-01  -8.2108999e-01
   2.0000000e+00  -4.8626860e-01   6.1164000e-01   1.0371046e+00   1.0451968e+00   5.1365495e-01  -3.0673233e-01
   2.0000000e+00   2.0450079e+00  -2.1438901e+00   7.1758090e-01   8.6047322e-01  -1.0026741e+00  -8.2067356e-01
   2.0000000e+00   1.3875696e+00  -1.7118194e+00   7.6914135e-01   9.4816723e-01  -6.8578779e-01   9.2511574e-02
   2.0000000e+00   1.3017139e+00  -1.6346271e+00   3.0534589e-01   1.8901663e+00   4.8867851e-01   5.5703687e-01
   2.0000000e+00   6.0639581e-03  -4.6537022e-01  -2.2219520e-01  -8.8719730e-02   7.0817337e-01  -2.5788796e-01
   2.0000000e+00   2.9606415e+00  -5.2661041e-01   1.7513188e+00  -7.6624380e-01   2.1904644e-01  -9.2480785e-01
   2.0000000e+00   1.5834171e+00  -4.6076998e-01  -4.5950712e-02  -8.4493526e-01  -1.6638380e+00   1.8305919e-01
   2.0000000e+00  -4.0339926e-01   3.9704582e-01   2.8384905e-01   9.0117037e-01   1.3541127e+00   1.3102978e+00
   2.0000000e+00   9.9289021e-01  -1.6037109e+00   2.8533264e+00   5.0962471e-01   6.7412972e-01  -1.3772137e+00
   2.0000000e+00   4.3027927e-01   5.7726143e-01   3.8947833e-01   5.3465181e-01  -5.6940305e-01  -3.0578013e-01
   2.0000000e+00  -7.2837303e-01   9.8347674e-01   1.6087765e+00   9.6737987e-01   5.4654525e-01  -1.2766823e-01
   2.0000000e+00   1.0988876e+00  -1.3945434e+00   8.5788411e-02  -1.8500594e+00  -5.9474243e-01  -5.1107245e-01
   2.0000000e+00  -1.8944879e+00   9.1938948e-01  -5.4081157e-01   3.7017696e-01  -1.5700929e+00  -1.5508227e+00
   2.0000000e+00  -5.5931843e-01  -4.7890767e-01  -8.8149595e-01  -3.6656986e-01   1.4214207e+00  -1.0777069e+00
   2.0000000e+00   1.6413275e+00   1.5496563e-01   5.4093039e-01  -4.6370921e-01  -1.0587950e+00  -6.1288632e-01
   2.0000000e+00  -3.4112991e-01  -9.6192709e-01  -9.5222697e-01  -2.5876424e-01   2.1014078e+00  -1.6362093e+00
   2.0000000e+00   7.1320904e-01   9.6242945e-01   1.6370844e+00  -9.5273835e-01   3.0821761e-01   1.9214257e+00
   1.0000000e+00  -3.2501983e-01   4.7397742e-02   1.6037015e+00  -3.6344257e-01  -1.3147928e+00   6.6838188e-02
   2.0000000e+00  -3.1369580e-01  -4.2257560e-01  -7.1782318e-03  -1.3166626e-01   1.2051639e+00  -5.0602791e-01
   2.0000000e+00  -8.7530847e-01   6.1559888e-01  -2.8180959e-01  -1.5203829e+00   2.1942170e-01  -3.9042319e-01
   1.0000000e+00  -1.4152191e-01   1.6837422e-01   1.0528200e+00   3.8054424e-01  -3.9655732e-01   7.4849638e-01
   2.0000000e+00  -4.9480109e-01  -9.8770520e-01  -3.9724293e-01  -6.5398853e-02   6.9947397e-01  -5.1254228e-01
   2.0000000e+00   1.0887023e+00   5.1552652e-01  -2.6651808e-01  -4.6377453e-01  -1.5773184e+00  -8.9650530e-01
   2.0000000e+00  -1.4731760e+00  -8.9753374e-02  -4.5018206e-01   8.0650101e-01  -1.0736350e+00   3.4488060e-01
   2.0000000e+00  -1.0310229e+00  -6.0294535e-01  -1.7022418e+00  -9.4942210e-01  -5.8669666e-01   4.3940470e-01
   1.0000000e+00  -2.1560316e-01  -1.9462646e+00  -6.9801046e-01  -8.1668950e-01  -9.9961891e-03   7.1211910e-02
   2.0000000e+00  -2.0475424e-01  -8.1895688e-02  -1.2675942e+00   8.1234459e-02  -7.4569151e-01  -5.1836988e-01
   1.0000000e+00  -1.9404651e-01   7.1573128e-01   1.4500060e+00  -1.5032168e+00  -3.8060692e-01   1.2527640e-02
   2.0000000e+00  -1.0765976e+00   1.0269035e+00  -4.3474782e-01  -1.2014597e+00  -4.4594071e-02  -7.5290083e-01
   2.0000000e+00  -4.5995430e-01   1.9865154e+00  -5.4606861e-01  -7.8323985e-02  -2.8012645e-01  -1.5967502e+00
   1.0000000e+00   4.6463066e-02  -5.2567261e-01  -1.3066119e+00  -1.0859015e+00  -4.8759555e-01   1.9663700e-01
   2.0000000e+00   9.0380667e-01   1.3378419e+00   1.2935426e-01   5.7296819e-01   1.6696773e+00  -7.1991419e-01
   1.0000000e+00  -1.4488645e-01   1.9267442e+00  -6.4679366e-02  -1.7521138e+00   7.7141463e-01   8.1133114e-01
   2.0000000e+00  -1.3146634e-01   5.6168417e-01   9.0738265e-01   2.0347278e+00   5.8726869e-01  -1.5216823e-01
   1.0000000e+00  -2.9163614e-01  -1.3562992e+00  -3.6035418e-01  -1.0458327e-01  -7.8593380e-01   7.8017557e-01
   2.0000000e+00  -1.1309782e+00   1.8303981e-01   1.2032281e+00   4.8738015e-01  -1.0467841e+00  -2.8928216e-02
   2.0000000e+00  -1.3009284e+00   6.0331108e-01  -1.1338878e+00  -1.0364730e+00  -1.1983875e-01  -2.2131427e-01
   2.0000000e+00  -2.5865521e+00   1.0226522e+00  -1.1931183e-01   1.1065014e+00   7.7183203e-01   4.0523141e-01
   2.0000000e+00   8.6123521e-01   1.0460242e+00   2.3895242e-01  -6.2940464e-01  -6.9284260e-01  -3.3646018e-01
   1.0000000e+00  -7.0235912e-01  -1.3540122e+00   3.5653776e-01  -1.1713748e-01  -1.2358921e+00   6.9189657e-02
   1.0000000e+00  -9.3670855e-01  -1.6072505e+00   1.3949199e+00  -7.5985964e-02  -2.1211913e+00   2.0902798e-01
   2.0000000e+00  -1.1688820e-01  -1.8725992e+00   9.6581227e-01  -1.0703736e-01   4.4085158e-01  -1.2350107e-01
   2.0000000e+00   4.1999921e-01   6.9334640e-01   1.6607168e+00  -2.2354661e-01  -1.5234625e-01  -1.9816326e-01
   2.0000000e+00  -7.7126657e-01  -3.7109973e-01   1.2705497e+00  -1.1364521e-01  -4.3903510e-01   1.1554897e+00
   2.0000000e+00  -1.8116351e+00  -9.2999123e-01   2.2702502e-01   6.5869067e-01  -3.0890092e-01   4.4093571e-01
   2.0000000e+00  -5.8482099e-01   1.3571181e+00  -1.6267546e+00   2.8116467e-02   6.4924675e-01  -1.1624289e+00
   2.0000000e+00   1.3441425e+00  -1.2739226e+00   1.6670889e+00  -2.3400956e-01   1.4176478e+00  -3.9114823e-01
   2.0000000e+00  -1.2537745e+00  -7.7323609e-01  -1.9068511e+00  -8.3352710e-01   7.6297813e-02   7.0989347e-01
   2.0000000e+00   5.4521351e-01   1.5179828e-01   2.8040057e-01  -1.5803176e+00  -9.5202411e-01   1.5942648e+00
   1.0000000e+00   9.8273467e-02  -5.8003767e-01   1.5212005e+00  -4.8475578e-01  -2.2892862e-01   6.6064411e-01
   2.0000000e+00  -3.8143615e-01   7.6533818e-01   9.3241413e-01  -1.2488516e+00   8.6378948e-01  -8.4079230e-02
   2.0000000e+00   8.7737643e-01   9.5330931e-01   4.5740892e-01  -7.2713155e-01   8.7853844e-02  -5.2497915e-01
   2.0000000e+00  -1.3813797e+00  -8.1489279e-01   6.4892549e-01  -1.1109863e-01   5.6789189e-01   1.6285678e+00
   2.0000000e+00   7.0737493e-02   6.9514912e-01  -1.2706128e+00   1.1127336e+00  -1.3062104e+00  -1.0123514e+00
   2.0000000e+00  -1.4543372e-01  -3.0146866e-01   3.6406968e-01   3.6123323e-01   1.4329742e-02  -1.5567965e-01
   2.0000000e+00  -2.8276370e-01   7.5314254e-02   8.9238921e-01  -1.6145365e-03  -5.9195727e-01  -3.0230964e-01
   2.0000000e+00  -5.0858460e-01  -1.1472041e+00  -7.1728670e-02   1.1696157e+00  -2.2893278e+00   1.5280589e+00
   1.0000000e+00  -7.0136668e-01   7.8893300e-01   5.8686829e-01  -5.2945765e-01  -2.3098102e-01   4.9261588e-01
   2.0000000e+00  -1.5238717e+00   8.5326556e-01  -1.7736594e+00  -3.6883016e-01  -1.2117895e+00   1.8601190e+00
   2.0000000e+00   1.5128423e+00   7.4094570e-02  -4.9416221e-01  -8.5343662e-01  -3.1280001e-01   6.3256299e-01
   2.0000000e+00   1.5611428e+00   8.4673380e-01   9.1600350e-01  -9.9868617e-01  -4.7888118e-01  -7.7774253e-01
   1.0000000e+00   3.9972720e-01   3.7480374e-01  -8.8361484e-01   4.5023040e-01  -9.6022245e-01   8.5866766e-01
   2.0000000e+00   5.5378275e-01   1.5043715e+00   9.8255020e-02  -2.5794672e-02  -1.6317061e-02  -8.8244757e-01
   1.0000000e+00   5.6159328e-02   1.0814768e+00  -7.5018667e-01   1.3385231e-01  -2.0608830e-01   8.2411663e-02
   2.0000000e+00  -2.1240389e-01   1.7833678e-01   1.9925898e+00  -6.7651171e-01   1.6344638e+00  -1.2764273e+00
   2.0000000e+00  -6.9175798e-02   1.5149057e+00  -1.0651790e+00   9.1599145e-03   2.1047403e-01   1.0804043e+00
   2.0000000e+00  -1.1995004e+00   2.4579440e+00  -7.1927126e-01   5.6432971e-01   1.4485752e+00  -4.3532185e-01
   2.0000000e+00  -9.5898902e-01  -1.4056806e+00   6.0177015e-01  -6.1004201e-01   1.8727993e+00   8.7625640e-01
   2.0000000e+00   2.4718406e-01  -7.3233085e-01  -1.3073667e+00   7.1046193e-01  -1.3596173e-01  -2.2319224e-01
   1.0000000e+00  -9.2895812e-01   7.2535004e-01   2.7567250e-01   4.6758948e-01   1.2711587e+00   2.7337072e-02
   2.0000000e+00   3.1980278e-01  -7.0393139e-01  -2.0182511e+00   2.8722931e-01   6.9076062e-01  -7.5484484e-01
   2.0000000e+00   2.9098755e-01   5.1008913e-01  -1.3335839e-01   7.5135261e-01   3.1238123e-01  -6.6553759e-02
   2.0000000e+00   8.3240505e-01   2.2387121e-01  -1.6501580e+00  -1.3066049e-01  -1.5749745e+00  -2.5215828e-01
   1.0000000e+00  -5.2496113e-01   1.0750604e+00   6.8863862e-01   1.7433569e+00  -8.6063697e-01   6.7914116e-02
   2.0000000e+00   5.0950886e-01   1.4311036e+00   1.3541720e+00  -1.6462331e-01   1.9172313e+00   1.2486998e+00
   2.0000000e+00   8.7705583e-01   8.2359904e-02   4.6745319e-01  -1.5534793e+00  -8.2315546e-01  -7.6392156e-01
   2.0000000e+00  -3.9186026e-01   8.3438474e-01  -4.9378175e-03   1.6067445e+00  -2.1732727e+00  -2.6118652e-01
   1.0000000e+00   3.0190471e-01   7.7320993e-01  -3.4751214e-01  -2.7825986e-01  -4.8450584e-01   1.2296243e-01
   2.0000000e+00   7.6805205e-01   2.3773416e+00   6.6369161e-01   3.3047683e-01   5.5322109e-01  -4.5428444e-01
   1.0000000e+00  -8.8423229e-01   8.5693616e-01   7.8137692e-01  -1.3264234e+00  -3.3666365e-01   2.4400551e-01
   2.0000000e+00   4.7388152e-02   6.9546936e-01   1.1944025e-01  -1.8111223e-02  -3.3634404e-01  -1.2439949e+00
   1.0000000e+00   3.6980031e-01   3.9404589e-01  -8.0171628e-01   2.4172040e-02   1.0731645e+00   6.1358117e-01
   2.0000000e+00  -2.0648807e-01  -1.1405614e+00   1.8736521e+00   5.7551108e-01   5.9964848e-01  -2.7923245e-01
   1.0000000e+00   7.0214197e-01   1.0365520e+00   8.2072384e-01  -8.0540317e-01   1.5481626e+00   1.4608137e-01
   2.0000000e+00  -3.3428579e-01  -1.0302398e+00  -7.6664351e-01   6.8700318e-01   5.4864169e-01  -9.3921156e-01
   2.0000000e+00  -5.2842579e-01   1.5271560e+00   5.8353623e-01   5.1360001e-02   3.0408960e-01   1.3721675e+00
   2.0000000e+00  -2.8821259e+00  -1.6183986e+00   6.4270246e-01   1.1916873e+00  -5.0036215e-02  -7.2045743e-01
   2.0000000e+00  -1.0115798e+00   6.9453781e-01  -2.7349451e-01  -1.3212745e+00  -2.3927833e-01  -8.8306493e-01
   2.0000000e+00   5.8654271e-01   9.5824172e-01  -1.3689646e+00   1.1391001e+00  -2.2175682e-01  -5.2673400e-01
   2.0000000e+00  -5.7982290e-01   3.9190920e-01  -3.8873371e-01   1.5766765e+00   1.6841871e+00  -1.0684174e-01
   1.0000000e+00  -4.4844719e-01  -7.1897861e-01  -6.5814207e-01   6.6039862e-01   1.2563187e+00   5.9209860e-01
   2.0000000e+00   2.3093222e+00   9.1834595e-01   1.2553690e+00  -1.0449408e+00   1.8064168e+00  -6.0543483e-01
   2.0000000e+00   1.4832380e+00   1.1576507e-01  -1.0344723e+00  -1.9369544e+00  -2.7695832e+00  -4.8944779e-01
   2.0000000e+00  -2.3951490e-01  -3.1517295e-01   1.0108017e+00  -3.9693831e-01  -1.1430893e+00   9.9490153e-01
   2.0000000e+00  -1.3104158e-01   2.9541250e-01  -9.8088363e-02  -2.1504242e+00   1.0234127e+00   1.7261171e+00
   2.0000000e+00   3.6228153e-01  -1.3728478e+00   5.0617302e-01   8.1243957e-01   1.0655078e-01  -7.8160510e-01
   1.0000000e+00   6.8328819e-01   2.0360230e-01  -1.3087398e+00  -1.4141004e+00   1.7170230e+00   2.9094487e-01
   2.0000000e+00   3.0951364e+00   8.1595217e-03  -1.3447172e+00   6.9704590e-01  -1.3770574e+00  -1.9241163e-01
   2.0000000e+00  -3.3608837e-01  -1.7447712e-01   4.0277894e-01  -3.8381607e-01  -2.8881551e-01  -6.5487689e-01
   2.0000000e+00   1.1913261e+00   9.0354451e-01  -3.3209515e-01  -6.9735712e-02   3.3206228e-01   7.6440390e-01
   2.0000000e+00   1.3316940e+00   4.5136996e-01   1.0253066e+00  -1.3310995e-01   7.9851666e-01   3.3732963e-01
   2.0000000e+00  -1.0275114e+00   1.3200727e+00   4.0370436e-01  -5.9235351e-01  -5.0480074e-01   6.8026379e-02
   2.0000000e+00  -4.1999493e-03  -1.1269292e+00   8.2071584e-01   1.2517022e+00   7.0552621e-01  -9.0515572e-01
   1.0000000e+00   5.8055908e-01   6.8396791e-01  -1.7026348e+00  -6.0118253e-01   1.3049306e+00   6.0287680e-01
   2.0000000e+00   1.2926642e+00  -1.0217451e+00  -9.1487024e-01  -1.4213853e+00   1.0285714e+00   1.2234899e+00
   2.0000000e+00  -2.4166664e+00   2.8983626e-01   1.7961518e+00   1.5132525e+00   2.2821713e+00  -5.1655843e-01
   1.0000000e+00   4.1910734e-02   1.1895603e+00  -2.4202371e-01  -1.0374818e-01  -1.9011834e-01   3.1492799e-01
   2.0000000e+00  -4.2585694e-01  -5.6155991e-01   6.8869977e-01  -1.0517044e+00  -2.4086512e+00   1.1774458e+00
   2.0000000e+00  -7.5186232e-01   6.2897782e-01   2.8001692e-01   6.3587766e-01   2.4866488e-01  -1.6255968e+00
   2.0000000e+00  -5.6352651e-01   3.0222545e-01   1.4057532e-02  -2.6274387e-01   2.2969976e+00   1.0303960e+00
   1.0000000e+00  -7.3501048e-01  -1.9739721e+00   8.1379877e-02  -2.0478658e+00  -1.5396984e+00   2.3552737e-01
   2.0000000e+00  -8.3142147e-01  -3.6161343e-01  -1.9047288e+00   2.1669750e-01   1.2453276e+00  -5.6752405e-01
   2.0000000e+00  -2.0622326e-01  -1.6760238e+00   3.5883041e-01  -1.3913795e+00   1.0253510e+00  -8.0657860e-01
   2.0000000e+00  -5.9061764e-01  -1.6047010e+00   2.0543406e-01   5.0462851e-02  -1.4406803e-01   3.5429224e+00
   1.0000000e+00   3.5486121e-01   2.3253984e-01  -1.9637251e-01   1.0522034e+00  -1.1727734e+00   2.3053642e-01
   2.0000000e+00  -4.2121101e-02   7.7862315e-01   4.0153333e-01  -1.1608634e+00   2.4242518e-02  -1.1847133e+00
   2.0000000e+00  -6.5351377e-01   2.7991449e-01   6.1986478e-01   8.0590399e-01   6.0451523e-01   1.0629488e+00
   2.0000000e+00  -4.3091615e-01  -1.1526527e+00  -4.2796677e-01   6.9959680e-01   3.6257032e-01  -1.3417068e-01
   2.0000000e+00   2.1658103e-01  -3.0216377e-01  -1.3322794e-01   5.5226647e-01   1.4362089e+00  -2.9776207e-01
   2.0000000e+00  -9.9126801e-01  -5.9371972e-01   2.9933005e-02   1.1584031e-01  -6.0132344e-01   3.8477285e-01
   1.0000000e+00  -4.5711452e-01   1.7062186e+00  -4.9187494e-02  -1.0359839e+00  -2.6536457e-01   4.9064953e-01
   2.0000000e+00  -1.4715117e+00   2.2552153e+00  -9.5298559e-01   1.8179633e-02  -1.0496100e+00   9.6478669e-01
   2.0000000e+00   4.9524541e-01   2.4334105e+00  -1.5334132e-02   3.4871506e-01  -4.0185913e-01  -2.5610825e-01
   1.0000000e+00  -3.9269941e-01  -1.2075353e+00   1.5031918e+00  -6.4109577e-01  -3.3006129e-01   6.0195632e-01
   2.0000000e+00   2.5690441e-01  -2.0311171e+00   1.0451721e-01  -1.6495717e-01  -4.7888978e-01  -1.0613021e+00
   2.0000000e+00   5.5308315e-02   4.3054297e-01  -2.7299314e-01   1.0239286e+00   6.4640071e-01  -5.4827589e-02
   2.0000000e+00  -5.6293763e-01   1.5578412e+00  -6.2970118e-01   1.3432288e+00   1.7386731e+00  -3.8653035e-01
   2.0000000e+00   1.0496397e+00   2.2938866e-02   1.3316099e+00  -9.0463802e-01   1.1783422e+00  -1.8274133e-01
   2.0000000e+00   6.2772966e-01   3.5915893e-01   4.7655548e-01  -1.0922927e+00   2.2759727e+00  -3.5059564e-01
   2.0000000e+00   1.1068378e-02  -1.7252408e-01   9.1030324e-01   1.2282477e+00  -8.8498539e-01  -7.7184502e-01
   2.0000000e+00  -3.1403429e-01   4.8413085e-02  -2.3405209e+00   2.2349307e+00  -9.2204220e-01  -2.6908748e-01
   2.0000000e+00   1.3943410e+00   2.1965868e+00  -4.6921488e-01   2.4134906e+00  -1.7218254e+00  -1.2858475e-01
